 13332837 HD229085       2 1 9.1318425244997794 9.1318425244997794 0.591194448526888294 0.493303417801273625                                            -9.026392191719951e-02                       0.254633747860337323 0.555307575549294441                                            0.3712291483328723496                       0.4173544548352379 6.9462281993713988e-04 0.565593118980498355 0.041273815103154310 0.9587261848968457
 13332837 HD229085       1 1 6.8771426548866268 6.8771508866280771                      0.386101543402364911                                                                                         0.266754555920726055 0.386141939233461962                                            0.1828580551417133548                       0.3837620625234467 2.8982932710699551e-02 0.402015883205797508 0.039586345883965590 0.9604136541160344
 14085632 TIC14085632    1 1 4.6330454678598425 4.6330454678598425 0.138601003545010926 0.111437728640258804                                            -1.086362687386573e-01                       0.107998276127070802 0.131965095367434060                                            0.0998769899384919085                       0.1292567686378257 8.5675226946164236e-04 0.133005695390462919 0.060045017428634884 0.9399549825713651
 14085632 TIC14085632   -1 2 4.2165086802993006 4.2104827077228890 0.097169565484329645 0.073406676507483226                      0.159607202662974679  -1.393094882345161e-01                       0.078230288395157110 0.080655764944321362 0.153429340253347313 0.164784837710710619  0.0152655094527519020 0.0356850770447000656 0.1053460282774272 7.0107283117217456e-04 0.112855966611978623 0.241579700049136759 0.7584202999508632
 15166556 HD146442       1 1 6.5738403902027427 6.5765073845190507 0.195470619049054051 0.206968978200737119                                             2.857163964545498e-02                       0.139057164433612712 0.229058429793458807                                            0.2444918573711087062                       0.3785049754934839 4.4981139106892122e-03 0.416450618403198636 0.516821947830369499 0.4831780521696305
 15166556 HD146442       1 0 5.5035857070035750 5.5035857070035750                                                                                                                                                                                                                                                                                                                                                                          
 34590771 betaCMa        1 0 3.9994999999999998 3.9994999999999994                                                                                                                                                                                                                                                                                                                                                                          
 34590771 betaCMa       -2 2 3.8828000000000000 3.8827513058471714                                           0.096499999999999808                                                                    0.048611622734747950 0.049342095352069570 0.096497215864064234 0.099494273375895670  0.0074573240463847827 0.0152917737573901643 0.0597779057458402 1.6359155036984366e-03 0.058885668921195615 0.180615574486026609 0.8193844255139734
 42940133 HD228101       0 2 7.1673950470452663 7.1660716980292429 0.222593871982184943 0.242747215379611525                      0.435668902455902618   4.330875554463479e-02                       0.214157577818894218 0.221395225214401137 0.420891273609274918 0.449874515316603052  0.0166171526049245614 0.0332847730996414584 0.2340130900956329 2.2904347007519209e-03 0.234950274452016994 0.066096324745909762 0.9339036752540902
 42940133 HD228101       1 0 6.3024476630983237 6.3024476630983237                                                                                                                                                                                                                                                                                                                                                                          
 83852015 thetaOphiuchi  1 0 7.4676999999999998 7.4677000000000007                                                                                                                                                                                                                                                                                                                                                                          
 83852015 thetaOphiuchi  1 1 7.8742000000000001 7.8691945615980252 0.099199999999999733 0.108299999999999841                                             4.385542168674760e-02                       0.098049259599118699 0.109233045605078516                                            0.0539543691148286139                       0.1071935799129029 3.4078720694762218e-05 0.107313021017477583 0.033202131332203400 0.9667978686677966
 83852015 thetaOphiuchi -1 2 7.2020499999999998 7.2007140506455585 0.086050000000000182 0.086050000000000182 0.167650000000000077                       -0.000000000000000e+00                       0.084852323334576596 0.086657046418327610 0.167920744817731560 0.175281170593336810  0.0105225917764790490 0.0214463423573535046 0.1064751862386995 7.8565512491706965e-04 0.105208321412041172 0.196197928722128379 0.8038020712778716
128821888 12Lac          1 1 5.0663782268100501 5.0572168904412251 0.111724128318510196 0.111724128318510002                                            -8.695034467197235e-16                       0.111747359396797918 0.229258740225348312                                            0.3446019908698394474                       0.3131455242758644 9.1204252682542362e-03 0.222843437498741942 0.498642950528256246 0.5013570494717438
128821888 12Lac          2 0 5.3370458683960083 5.3370458683960074                                                                                                                                                                                                                                                                                                                                                                          
128821888 12Lac          0 2 5.3091200000000001 5.2410063388068275 0.181035548932487522                      0.356885011909359839 0.321807404997553004                         -0.051684100246279840 0.197492085250352112 0.175661408996766966 0.345800181433567388 0.405737261625995771 -0.0585032073667998073 0.0797526201068840951 0.2180972886314455 3.0612988719760565e-03 0.210350043153847643 0.151687809143119190 0.8483121908568808
136778972 TIC136778972   3 1 6.6238608966468941 6.6238608966468941 0.036762314403778085 0.034507166057551331                                            -3.164255346929869e-02                       0.032202589840542473 0.037837990774214347                                            0.0804590836370730200                       0.0412452900578230 5.4512813781457548e-04 0.041803398437961950 0.147563557935410428 0.8524364420645896
136778972 TIC136778972   2 1 5.8090080217856910 5.8118873402785471 0.037310525249652393 0.028337787122428182                                            -1.366788848488390e-01                       0.029049676359528043 0.034277915622607402                                            0.0825586304395441450                       0.0552446911598515 4.1811376716060036e-04 0.058724603642770087 0.441049336225167510 0.5589506637748325
159932751 HD129929       1 0 6.5909399999999998 6.5909399999999998                                                                                                                                                                                                                                                                                                                                                                          
159932751 HD129929       1 1 6.9783049999999998 6.9815342872691195 0.012126000000000303 0.012132999999999505                                             2.885527020570569e-04                       0.011998064659158203 0.012262327287004382                                            0.0108927600358896537                       0.0127050430922037 1.6080480462518835e-04 0.012701277313733187 0.045017308071452988 0.9549826919285470
159932751 HD129929      -1 2 6.4616990000000003 6.4668962368367966                      0.012109000000000592                                                                                         0.012065033375867174 0.012115665093300088 0.024079472104460820 0.024282672460845589  0.0020938897814500443 0.0042016407297731694 0.0143816877924110 6.5521759843376273e-05 0.014411625341439206 0.159775548342742657 0.8402244516572573
189504668 TIC189504668   2 1 6.1357420377311804 6.1635751848935865 0.687446809103918532 0.739111865486048458                                             3.621656599366999e-02                       0.599176001967554051 0.838852622516656155                                            0.1666702710003905019                       0.5537238179593540 6.9446168446255663e-03 0.741161905521709130 0.037620077366360194 0.9623799226336398
189504668 TIC189504668   2 0 5.6634754525419080 5.6634754525419080                                                                                                                                                                                                                                                                                                                                                                          
215354826 TIC215354826   3 1 5.5520509041721340 5.5468922194241488 0.174419640016033384 0.140254785105857316                                            -1.085720738091192e-01                       0.080403580584778922 0.161775249432964507                                            0.3359982738467430230                       0.1611137814180087 6.3209443358599729e-03 0.203010681047120778 0.224980618017700085 0.7750193819822999
215354826 TIC215354826   3 0 4.8947707612890863 4.8947707612890863                                                                                                                                                                                                                                                                                                                                                                          
229087301 nuEridani      1 0 5.7632827999999998 5.7632827999999998                                                                                                                                                                                                                                                                                                                                                                          
229087301 nuEridani     -1 1 5.6372470000000003 5.6236955072233243 0.016629699999999303 0.017228400000000477                                             1.768262247442051e-02                       0.016570900131767985 0.017284277182254115                                            0.0210714315234339228                       0.0290011077336692 1.1135133349883134e-03 0.028751431878945449 0.411192803500094128 0.5888071964999059
229087301 nuEridani      1 1 6.2438469999999997 6.2596493012061867 0.019070000000000142 0.020246999999999460                                             2.993615993080167e-02                       0.019386985952397850 0.019946301206195116                                            0.0142198960270493065                       0.0260568141919643 8.1754006490146946e-04 0.026203660328373620 0.249780383593457223 0.7502196164065428
229087301 nuEridani      2 1 7.9138299999999999 7.9248490836680689 0.016090000000000160 0.015629999999999811                                            -1.450189155108290e-02                       0.015523508329532199 0.016162486617206540                                            0.0201659530890036798                       0.0163544573646988 1.4447780476544595e-05 0.016375350601031364 0.031471118609144089 0.9685288813908559
266404743 TIC266404743   3 1 6.6336702828850376 6.6577633068618853 0.262262729301752096 0.236279956629326549                                            -5.211744832621525e-02                       0.287502021835732258 0.195145046782445597                                           -0.1913550937286439269                       0.2838363108210150 3.9155024904449593e-03 0.258028864070862340 0.033940083164176404 0.9660599168358236
266404743 TIC266404743   3 0 6.1919574454094040 6.1919574454094040                                                                                                                                                                                                                                                                                                                                                                          
274070426 TIC274070426   2 0 4.3766947108299545 4.3766947108299572                                                                                                                                                                                                                                                                                                                                                                          
274070426 TIC274070426   3 1 5.5402698484474797 5.5340688300616652 0.434494864613685472 0.416798848206628492                                            -2.078720439321763e-02                       0.137192643850845286 0.434944766110493930                                            0.5204206490880722846                       0.3370625457166297 1.8242375843968841e-02 0.443116300079071379 0.039424060152598916 0.9605759398474011
281083526 TIC281083526   3 1 5.4889111856383259 5.5343988119348344 0.303479462041570613 0.303857399116921556                                             6.222857519796005e-04                       0.280646879681659023 0.367288289231140652                                            0.1337192572751703667                       0.3404815876185555 7.1290058149236961e-03 0.318721837535694941 0.047230547717844851 0.9527694522821551
281083526 TIC281083526   3 0 5.0994538336532234 5.0994538336532225                                                                                                                                                                                                                                                                                                                                                                          
282145129 TIC282145129   1 2 6.0298098331927266 6.0347370779584280                      0.720902554269713391 0.674914793447090489 1.428614145884603559                          0.358302345332586036 0.347507386053880651 0.607889814699228204 0.676990327060940977 1.269044940564659107  0.2725384043831157177 0.3042363226161347023 0.5933298069174673 7.1068460004041953e-04 0.651459194743888692 0.192762587318049627 0.8072374126819504
282145129 TIC282145129   2 0 5.5523304688070318 5.5523304688070310                                                                                                                                                                                                                                                                                                                                                                          
314833456 TIC314833456  -1 1 4.1744574766205860 4.1694524246107605 0.027469299909910205 0.041327678405679080                                             2.014387671533619e-01                       0.033581763008976750 0.036000861559559283                                            0.0347658422714397577                       0.0388496669326069 2.4688187181177859e-03 0.038367780344230530 0.103453761224234109 0.8965462387757659
314833456 TIC314833456  -1 2 4.4969942409008210 4.4969942409008210 0.025584404716130216 0.025689091699451438 0.049791110374338032 0.047481533573999535   2.041736777080977e-03 -0.023743333239354899 0.024536541585405303 0.024620483237875135 0.048987939734967512 0.049324216683058530  0.0017076227206915501 0.0034205022078974629 0.0279684349666051 1.0582208258542550e-04 0.027715139876337572 0.122567625651906820 0.8774323743480932
316144493 HD117704      -1 1 4.5480072616313016 4.5433294832158770 0.267152810910251226 0.278586963996899861                                             2.095165793732731e-02                       0.269613585097749464 0.275306288876156380                                            0.0104468639341267957                       0.3606860348014754 7.0183194274736939e-03 0.402065683068269064 0.321330073804773408 0.6786699261952266
316144493 HD117704       1 0 4.6553932901558728 4.6553932901558719                                                                                                                                                                                                                                                                                                                                                                          
326724924 TIC326724924   1 1 4.8985525804401160 4.9101157058874954 0.017562941615373084 0.019396383862074096                                             4.960702672508972e-02                       0.018138517860930570 0.018863194109258963                                            0.0195849383648040200                       0.0288805355326087 2.1909174236280598e-03 0.027820714787337223 0.335758880388841496 0.6642411196111585
326724924 TIC326724924   0 2 5.5616668667848463 5.5616668667848463 0.021236550585935099 0.017736137268956398 0.039889270112647424 0.036079194577469664  -8.981708754633307e-02 -0.050153383390324338 0.018900487515269404 0.019206794888365408 0.037491007565271239 0.038729932238895870  0.0080380272162044152 0.0162543872695321556 0.0223047373128639 1.3299230919421671e-04 0.022313895396301926 0.148865949435398548 0.8511340505646015
326724924 TIC326724924  -1 2 4.5354999813170567 4.4871754003157385 0.026179784458748578 0.021893503542112391 0.038776330455848829 0.042428462378595100  -8.916138452105506e-02  0.044974339509640103 0.020982040445105099 0.021122765682771494 0.041828230010422907 0.042385873753304715  0.0033422606730214568 0.0066217381407554015 0.0224440854950778 3.2532570087635685e-04 0.021745936760434025 0.066437172504414388 0.9335628274955856
327656776 KZMus         -1 2 5.7130081519945550 5.7128988626853241 0.152383189376428696                                                                                                              0.152381032595900301 0.160218869567804845 0.296738401354093462 0.330287818296989499  0.0250730627797828114 0.0535056045368645927 0.2124773355701261 1.3538150704806319e-03 0.210809955989879588 0.277153734694844278 0.7228462653051557
327656776 KZMus          1 0 5.9520789420196358 5.9520789420196349                                                                                                                                                                                                                                                                                                                                                                          
343320237 TIC343320237   1 0 5.5044213906519612 5.5044213906519612                                                                                                                                                                                                                                                                                                                                                                          
343320237 TIC343320237  -1 2 5.3081795084071759 5.3082575749440721 0.249799051316236032 0.267953822634312111 0.451823965928795701                        3.506454957855065e-02                       0.241929372269143350 0.259021638551220512 0.461501735545234659 0.548338581007885573  0.0341196362775806061 0.0859906700487562403 0.3502202036327079 2.0336167863809272e-03 0.338873961524695066 0.291990660947989089 0.7080093390520109
360063836 HD344775       2 1 5.1398731431740377 5.1160221919374411 0.569557084412166681 0.691559871678919080                                             9.674184989543555e-02                       0.135446159748726203 0.687130716957060628                                            0.6706784166091467325                       0.4225921293888438 1.0993343536099046e-03 0.652483274312435468 0.033602081662547079 0.9663979183374529
360063836 HD344775       3 0 5.5214036067788941 5.5214036067788932                                                                                                                                                                                                                                                                                                                                                                          
372724060 TIC372724060   1 1 4.7980765659317139 4.8034013726037124 0.399646334704692130 0.367503616979109715                                            -4.189887212406521e-02                       0.248177388638326057 0.420718875238953238                                            0.2579495445235180928                       0.3617210397127365 5.0712944741665772e-03 0.404037609843284129 0.050645369398458095 0.9493546306015419
372724060 TIC372724060   1 0 4.5330845233170542 4.5330845233170551                                                                                                                                                                                                                                                                                                                                                                          
378373750 TIC378373750   2 0 6.0731057474122796 6.0731057474122796                                                                                                                                                                                                                                                                                                                                                                          
378373750 TIC378373750   0 2 5.9009246003044487 5.9020612462486133 0.136514282804621523 0.129786960089443681 0.276023326092880161                       -2.526207779606186e-02                       0.139440380544431086 0.148300286207065035 0.263253509758597737 0.313652758571237200  0.0307912877337067660 0.0873612432025520497 0.1782061745470965 8.9407441341785051e-05 0.167543007351072332 0.192624642873570950 0.8073753571264290
390122587 V909Cas       -1 2 4.8348160520067864 4.8461529517855970                      0.021528348285659860 0.025375713498593910 0.036789716811872708                          0.183606921986624677 0.016147041945345997 0.016381277124349225 0.032058192570320720 0.033003297724770952  0.0072009616759278455 0.0145263373181836273 0.0193016461409956 8.9671637999085691e-04 0.018461677141767805 0.158182788146814857 0.8418172118531851
390122587 V909Cas        1 1 5.0556136388534672 5.0556136388534663 0.008687469919434143 0.008642360448983588                                            -2.602995499180622e-03                       0.008485288093992516 0.008839133835570223                                            0.0204246781229622462                       0.0101532797204106 1.0846347149894098e-03 0.010196440447607924 0.150201952462572619 0.8497980475374274
391836737 HD30209       -1 1 6.0988791991686950 6.0215809013415029 0.372522869947609081 0.396652072018637725                                             3.137023940138639e-02                       0.357295914329413655 0.413138647727332220                                            0.0724821239182744520                       0.5503341705126036 2.0008391301570567e-02 0.657239009011709618 0.414843815248538528 0.5851561847514615
391836737 HD30209        1 0 6.1953066570095041 6.1953066570095041                                                                                                                                                                                                                                                                                                                                                                          
402894425 HD192575       2 2 6.5250052399999996 6.5317148938212855 0.171815640000000158 0.174073869999999964 0.341995870000000757                        6.528761164222080e-03                       0.194951048083177980 0.173467511238810879 0.325143565163585890 0.412337125473597688 -0.0583128517844048455 0.1182316519157627505 0.2055585585722481 4.3873702735999038e-03 0.190922985557312547 0.098991427540672916 0.9010085724593271
402894425 HD192575      -1 2 3.8330886600000000 3.7985753814193259 0.198935929999999761 0.190997639999999969 0.388701459999999610 0.387135629999999953  -2.035805739936625e-02 -0.002018245866538371 0.173126343754029133 0.204862601664783650 0.345500395041141495 0.416701512990463652  0.0839608096887348304 0.0934150350439292843 0.2096283557225405 4.4799906942852071e-03 0.216905748405399390 0.105790077368130730 0.8942099226318693
402894425 HD192575       4 1 7.1892600000000000 7.1794764514287426 0.170296500000000073 0.170160000000000089                                            -4.009322776918161e-04                       0.096758765352510601 0.187820523679531171                                            0.3199872999779952987                       0.1451208077241793 2.0847895796653484e-03 0.170228250000000081 0.000000000000000000 1.0000000000000000
402894425 HD192575       3 2 7.6470529999999997 7.6470529999999997                      0.171049000000000007                      0.342212999999999212                                               0.150658652583008923 0.160675184652776082 0.276469352396182089 0.346605326488422349  0.0321729631404673103 0.1125643144699668974 0.1656552911228540 2.0980197001253921e-03 0.181931946693969615 0.059502725555834579 0.9404972744441654
410492272 HD102505      -1 2 5.0369763598212360 5.0466310719061456 0.271435674878588884 0.286190508414290612 0.462421320559537996 0.507529901954844043   2.646008020744627e-02  0.046506030765518409 0.258455496022949482 0.234404922705221175 0.486227177107402042 0.510761036686207426 -0.0487979403576188145 0.0246079735340624974 0.2848645224244449 5.1405154444811238e-03 0.281230591882112857 0.137761635369162416 0.8622383646308376
410492272 HD102505       1 1 5.7521525190120144 5.7521525190120144 0.286026128101868338 0.252754838631240375                                            -6.175290428755861e-02                       0.199044569866817511 0.293278704626957598                                            0.1914070279473077674                       0.4269708295259348 1.3223751090977579e-02 0.406841832843370832 0.337849597511113320 0.6621504024888867
411281532 TIC411281532  -1 2 4.7086629937625304 4.6648612473431417                      0.284221510554190537 0.333049601197585865 0.508722100522029486                          0.208693757423266457 0.214081384484618553 0.224673642854139821 0.408293648473295079 0.476242226022351112  0.0241416227952257548 0.0768183399998328548 0.2912669527618703 2.4140375277065173e-03 0.283616539473783347 0.258001928165559113 0.7419980718344409
411281532 TIC411281532   2 1 6.8146127364715960 6.8291385431454348 0.387176301979617499 0.397794826386241418                                             1.352728020548909e-02                       0.183382605270493215 0.430069623352808961                                            0.4021291415566718985                       0.3866407624885705 3.4727968107012348e-02 0.407597816961898951 0.037076383017974224 0.9629236169820258
411281532 TIC411281532   2 0 6.1653694171354649 6.1653694171354649                                                                                                                                                                                                                                                                                                                                                                          
413607990 TIC413607990   1 1 5.4995845313273222 5.6087410621843210 0.304126840848197411                                                                                                              0.304293084816750437 0.530207040250932238                                            0.2707177011098217401                       0.4343683247058397 3.4684624026869995e-04 0.321202843807811111 0.053162676759583638 0.9468373232404164
413607990 TIC413607990   2 1 7.4406075883464844 7.4406075883464844 0.200779527529023838 0.190576004867159199                                            -2.607225864264837e-02                       0.139381406615866510 0.215693539303936532                                            0.2149183814993970987                       0.1849232347554990 2.8718811550768769e-04 0.204278506872800775 0.042103013216484464 0.9578969867835155
436240475 HD340239       0 2 6.5168514204533041 6.5168514204533041 0.292059168309825701 0.331789050544779585 0.599884775291689820                        6.368517378778214e-02                       0.335589058877387103 0.315299039500708034 0.576423158775517308 0.740371789426208515 -0.0311728228358122104 0.1245058168506697344 0.3970488323028171 6.1529239635020724e-04 0.379949175315400067 0.182632935871772428 0.8173670641282276
436240475 HD340239      -2 2 4.0352740874947282 4.0365913000310174 0.414839292972711604 0.382743161129153187 0.792592848191471688 0.783317674595745306  -4.024177272016467e-02 -0.005885596587883650 0.380416596876919755 0.402247300902457638 0.741362039809478901 0.828989644831813699  0.0278928210276177466 0.0558012615131820780 0.4607464532642414 6.2201535751479984e-04 0.462783440496636944 0.148678201895023787 0.8513217981049762
436285033 TIC436285033  -1 1 4.8845125709387514 4.8483978183621153 0.387257862644163176 0.340119169005816069                                            -6.480640931349987e-02                       0.341965201585694878 0.385263701165913908                                            0.0595390246680115795                       0.5224580855089419 5.0605342186254869e-03 0.617622741690827759 0.411147790916276845 0.5888522090837232
436285033 TIC436285033   1 0 5.0131568067910131 5.0131568067910131                                                                                                                                                                                                                                                                                                                                                                          
439168784 V1259Cen       1 1 5.2846620228891146 5.2846620228891146 0.024988613680847038 0.020718957900272450                                            -9.341243984045441e-02                       0.021932455712022403 0.023409292657545322                                            0.0325712395006394623                       0.0428570209735628 2.7942803248082603e-03 0.042952678595642176 0.467931068846579312 0.5320689311534207
439168784 V1259Cen      -2 2 4.2775736531163062 4.2785608440323362 0.022791515699507769 0.023965233373657746                      0.046109873740595830   2.510263646245656e-02                       0.023001593173859192 0.023140811112865478 0.045866919730670475 0.046424317289566197  0.0030171366481295367 0.0060395501988287593 0.0285416766792797 1.0044469423121931e-03 0.028445239236623482 0.192584403234777657 0.8074155967652223
441163023 TIC441163023   0 2 4.3106165751706680 4.3106165751706680 0.014052803007230885 0.016159573123445625 0.034142508561045837 0.027432535824178039   6.973202329741966e-02 -0.108972276087842906 0.015172666487440090 0.015418192849645074 0.030025281761247413 0.031117786083794563  0.0080261348496128582 0.0178679997758035246 0.0177288110796533 1.0308331235496735e-04 0.017629598490043731 0.126822933318671116 0.8731770666813289
441163023 TIC441163023  -1 2 3.5094844846514448 3.5091735126539514 0.018410219925895088                      0.040926687406444451 0.040078201855820783                         -0.010474498000689452 0.019955799213029035 0.020125171423102106 0.039825350879507670 0.040394149619884523  0.0042257512077412069 0.0070905295699411897 0.0223517486142816 1.5253215258180408e-04 0.022024274280741597 0.080504444440454237 0.9194955555595458
444357430 TIC444357430   1 1 4.8034564341778374 4.8131871928376189 0.062129481951044063 0.064983218110187480                                             2.245044089039680e-02                       0.049940358658592032 0.070974202046034662                                            0.1739562486508524075                       0.1026201013002392 7.3394955343676445e-03 0.109426771366343420 0.419188291521101153 0.5808117084788988
444357430 TIC444357430   1 0 3.8070110538874142 3.8070110538874142                                                                                                                                                                                                                                                                                                                                                                          
465541764 TIC465541764   0 2 5.3953352704496682 5.3600335141635993 0.072891849026654576 0.069556352714961633 0.139008058346004937 0.142621421567397100  -2.341550311560359e-02  0.012830202372646614 0.069786123956005142 0.071311088402847389 0.138156914431227129 0.144004602826123040  0.0108078991877160937 0.0207246135183006865 0.0774729193030790 3.1149315540590491e-03 0.077267715732854153 0.088786703339628237 0.9112132966603718
465541764 TIC465541764   2 0 5.0890739407303460 5.0890739407303460                                                                                                                                                                                                                                                                                                                                                                          
